# Define species and stock
polygon.vessel <- "RL"
polygon.spp    <- "Sardinops sagax"
polygon.stock  <- "Northern"
polygon.offset <- 1 # Number to add to existing strata polygons

# Reorder polygon numbers to match 
polygon.reorder <- TRUE  

# List of polygon coordinates
polygon.list <-
list(list(x = c(-126.557295798295, -126.265930303502, -125.947403618516, 
-125.596777345121, -125.293065854786, -124.774534042019, -124.759718847368, 
-126.572110992946, -126.905452872582, -127.117803995906, -127.246202349543, 
-127.186941570942, -127.619051414914, -127.668435397083), y = c(49.3610958654588, 
49.2638907156863, 49.1107189645296, 48.9339823285796, 48.7719737456255, 
48.5952371096755, 48.5098144022996, 48.5068687917005, 48.5952371096755, 
48.7601913032288, 48.9192542755838, 49.0871540797363, 49.2609451050872, 
49.3316397594672)), list(x = c(-124.553692927689, -124.519542609285, 
-124.406114766015, -124.340253437665, -124.278051072001, -124.206091472507, 
-124.190235967534, -124.215848706337, -124.195114584449, -124.040218497403, 
-124.041438151631, -124.019484375515, -124.012166450143, -124.029241609344, 
-124.037779188945, -124.053634693919, -125.272069268398, -125.264751343026, 
-125.219624136563, -125.259872726111, -125.226942061936, -125.368421952466, 
-125.453797748475, -125.365982644008, -125.080583554491, -125.24157791268, 
-125.361104027094, -125.315976820631, -125.895312579268, -125.975809758362, 
-126.146561350382, -126.156318584211), y = c(47.5121939342242, 
47.4360224545224, 47.2667524996294, 47.1271047868427, 46.962066580822, 
46.7674061326951, 46.5854409311851, 46.4373297206537, 46.2807550123777, 
46.1030215597401, 45.9295198559748, 45.7729451476987, 45.5952116950611, 
45.4259417401681, 45.2609035341474, 45.1762685567009, 45.1762685567009, 
45.2609035341474, 45.4301734890404, 45.5909799461888, 45.7687133988264, 
45.9210563582301, 46.0903263131231, 46.2680597657608, 46.4204027251644, 
46.5896726800574, 46.7420156394611, 46.9239808409711, 47.0890190469918, 
47.2582890018847, 47.4275589567777, 47.5079621853519)), list(
    x = c(-124.244222168761, -124.281068009404, -124.231732053289, 
    -124.271075917026, -124.467795235712, -124.481534362731, 
    -124.563969124847, -124.647028392736, -124.449060062503, 
    -124.504016570581, -125.240308877661, -125.221573704453, 
    -125.350846399589, -125.327115180192, -125.261542073964, 
    -125.227194256416, -125.245929429624, -125.243431406529, 
    -125.288395822229, -125.224071727548, -125.212206117849), 
    y = c(43.9986425751825, 43.9316604968489, 43.7667815347969, 
    43.601902572745, 43.4241424417827, 43.0918082838967, 42.9243530880627, 
    42.7594741260108, 42.5945951639588, 42.5070032153687, 42.5044269815867, 
    42.5945951639588, 42.7594741260108, 42.9269293218448, 43.0969607514609, 
    43.2721446486411, 43.4318711431289, 43.5993263389629, 43.7667815347969, 
    43.9290842630668, 44.021828679221)), list(x = c(-124.253885431319, 
-124.297585695293, -124.50047977803, -124.150877666236, -124.113420297116, 
-123.866825950404, -123.820004239003, -123.835611476136, -123.726360816201, 
-123.617110156265, -123.436066205515, -124.129027534249, -124.30070714272, 
-124.49111543575, -124.600366095686, -124.559787279138, -124.996789918881, 
-124.999911366308, -125.287084529567, -125.240262818166, -125.059218867416, 
-124.996789918881), y = c(40.9254963756697, 40.7595650803656, 
40.4468484084463, 40.1022218720454, 39.9554364954302, 39.7895052001261, 
39.6171919319256, 39.4512606366215, 39.1257800189096, 38.8002994011976, 
38.6152221872045, 38.5769303498267, 38.7620075638197, 39.0747242357391, 
39.4384966908289, 39.5916640403404, 39.7512133627482, 39.929908603845, 
40.0894579262528, 40.4532303813426, 40.7659470532619, 40.931878348566
)), list(x = c(-123.423580415808, -123.176986069096, -123.264386597044, 
-122.977213433785, -122.883570010983, -122.724376192219, -122.77119790362, 
-122.505874872348, -122.471538950654, -122.387259870132, -122.299859342184, 
-122.91478448525, -123.036520934893, -123.273750939324, -123.3642729147, 
-123.314329755872, -123.432944758088, -123.532831075743, -123.735725158481, 
-123.763818185321, -124.110298849689), y = c(38.6024582414119, 
38.4492908919004, 38.2897415694926, 38.0982823826032, 37.9451150330917, 
37.7791837377876, 37.6004884966908, 37.4473211471793, 37.2750078789789, 
37.1090765836748, 37.0388748818153, 37.0197289631264, 37.0963126378821, 
37.2494799873936, 37.4281752284904, 37.6068704695871, 37.7600378190986, 
37.9323510872991, 38.1110463283958, 38.2961235423889, 38.5705483769303
)), list(x = c(-121.982900185452, -122.013452408322, -121.949074510132, 
-121.90542847746, -121.658828392866, -121.510431881783, -121.38604068867, 
-121.298748623327, -121.189633541648, -120.986679489726, -120.967038775024, 
-121.832321372736, -121.99381169362, -122.11274713265, -122.220771063512, 
-122.205494952077, -122.352800312343, -122.60158269857, -122.647411032875, 
-122.703059724531, -122.603765000204), y = c(36.6738498615188, 
36.5987820266336, 36.4303866132424, 36.2599623394489, 36.0996823676669, 
35.9292580938734, 35.7628915408845, 35.6715928227808, 35.6026115691025, 
35.4261007141021, 35.3510328792169, 35.3348019959984, 35.4220429932975, 
35.592467267091, 35.7588338200799, 35.9312869542757, 36.0956246468623, 
36.2599623394489, 36.4303866132424, 36.5967531662313, 36.6839941635303
)))
